307 307
308 308
316 316
331 331
785 785
877 877
1109 1109
1630 1630
2621 2621
3580 3580
3954 3954
3958 3958
3967 3967
4018 4018
4027 4027
4054 4054
4121 4121
4421 4421
4669 4669
4670 4670
4679 4679
4680 4680
4681 4681
4685 4685
4686 4686
4777 4777
5119 5119
5384 5384
5672 5672
5805 5805
6434 6434
6758 6758
6800 6800
7957 7957
7975 7975
8460 8460
8461 8461
8465 8465
8466 8466
8472 8472
8473 8473
8476 8476
8891 8891
9092 9092
9448 9448
9558 9558
10012 10012
10035 10035
10311 10311
10314 10314
10319 10319
10336 10336
10342 10342
11520 11520
12302 12302
12304 12304
12359 12359
12754 12754
12758 12758
12775 12775
13955 13955
14027 14027
14284 14284
14557 14557
14576 14576
14590 14590
14602 14602
14724 14724
15076 15076
15516 15516
15597 15597
15599 15599
15600 15600
16815 16815
17318 17318
17542 17542
17621 17621
17742 17742
17990 17990
18455 18455
18514 18514
19042 19042
19044 19044
19064 19064
19069 19069
19070 19070
19072 19072
19074 19074
19075 19075
19081 19081
19194 19194
19929 19929
20004 20004
20584 20584
21286 21286
21851 21851
21891 21891
21945 21945
21946 21946
23035 23035
23053 23053
23453 23453
23471 23471
23708 23708
23710 23710
23711 23711
23713 23713
23722 23722
23727 23727
23728 23728
23730 23730
23736 23736
23738 23738
23783 23783
23887 23887
23936 23936
23956 23956
24017 24017
24407 24407
24429 24429
24580 24580
24646 24646
24940 24940
24970 24970
25361 25361
25395 25395
26308 26308
26679 26679
26682 26682
26691 26691
27406 27406
27417 27417
27801 27801
27802 27802
27829 27829
27834 27834
27835 27835
27874 27874
28270 28270
28322 28322
28451 28451
29062 29062
29063 29063
29082 29082
29747 29747
29748 29748
29768 29768
30219 30219
30222 30222
30230 30230
30236 30236
30722 30722
31188 31188
31545 31545
31587 31587
31774 31774
32225 32225
32258 32258
32478 32478
32970 32970
32997 32997
33723 33723
34027 34027
34294 34294
34297 34297
34309 34309
34314 34314
34315 34315
34770 34770
35696 35696
35801 35801
35804 35804
36049 36049
36106 36106
36265 36265
36624 36624
36631 36631
36642 36642
37464 37464
37666 37666
38222 38222
38326 38326
39231 39231
39233 39233
39235 39235
39322 39322
39325 39325
39330 39330
39334 39334
39367 39367
39369 39369
39416 39416
40368 40368
40978 40978
41071 41071
41078 41078
41734 41734
41886 41886
41946 41946
42389 42389
42509 42509
43317 43317
43748 43748
43762 43762
43763 43763
43764 43764
43854 43854
43861 43861
44115 44115
44251 44251
44704 44704
44808 44808
44962 44962
45222 45222
45225 45225
45227 45227
45254 45254
45262 45262
45692 45692
46112 46112
46464 46464
46595 46595
46602 46602
46603 46603
46604 46604
46697 46697
47188 47188
47485 47485
47586 47586
47629 47629
47768 47768
48031 48031
48071 48071
48197 48197
48616 48616
49026 49026
49352 49352
49408 49408
49440 49440
49451 49451
49885 49885
49919 49919
50277 50277
50935 50935
50937 50937
50938 50938
50939 50939
50940 50940
50942 50942
50943 50943
50944 50944
51308 51308
51879 51879
51882 51882
51953 51953
51954 51954
51955 51955
51957 51957
51958 51958
51959 51959
51960 51960
51964 51964
52276 52276
52279 52279
52331 52331
52337 52337
52344 52344
52345 52345
52545 52545
52553 52553
52998 52998
54030 54030
54607 54607
55069 55069
55105 55105
55378 55378
55599 55599
55809 55809
55848 55848
56112 56112
56147 56147
56410 56410
56593 56593
56882 56882
56897 56897
56990 56990
57159 57159
57194 57194
58441 58441
59136 59136
59142 59142
59308 59308
59573 59573
60338 60338
62199 62199
62249 62249
62250 62250
62252 62252
62260 62260
62277 62277
62279 62279
62286 62286
62599 62599
62942 62942
63114 63114
64667 64667
65083 65083
65722 65722
65915 65915
66234 66234
66239 66239
66367 66367
67549 67549
67554 67554
68234 68234
68668 68668
68682 68682
68684 68684
69044 69044
69172 69172
69509 69509
69523 69523
70402 70402
70928 70928
72468 72468
72523 72523
72691 72691
73176 73176
73183 73183
74330 74330
74634 74634
74649 74649
75792 75792
75815 75815
75887 75887
75899 75899
76192 76192
76940 76940
77073 77073
77837 77837
78146 78146
78626 78626
